0.0277233108587
0.0277233108587
0.0277233108587
0.0277233108587
0.0277233108587
0.0277233108587
0.0277233108587
0.0277233108587
0.0277233108587
0.0277233108587
0.0277233108587
0.0277233108587
0.0277233108587
0.0277233108587
0.0277233108587
0.0277233108587
0.0277233108587
0.0277233108587
0.0277233108587
0.0277233108587
0.0277233108587
0.0277233108587
0.0277233108587
0.0277233108587
0.0277233108587
0.0277233108587
0.0277233108587
0.0277233108587
0.0277233108587
0.0277233108587
0.0277233108587
0.0277233108587
0.0277233108587
0.0277233108587
0.0277233108587
0.0277233108587
0.0277233108587
0.0277233108587
0.0277233108587
0.0277233108587
0.0277233108587
0.0277233108587
0.0277233108587
0.0277233108587
0.0277233108587
0.0277233108587
0.0277233108587
0.0277233108587
0.0277233108587
0.0277233108587
0.0277233108587
0.0277233108587
0.0277233108587
0.0277233108587
0.0277233108587
0.0277233108587
0.0277233108587
0.0277233108587
0.0277233108587
0.0277233108587
0.0277233108587
0.0277233108587
0.0277233108587
0.0277233108587
0.0277233108587
0.0277233108587
0.0277233108587
0.0277233108587
0.0277233108587
0.0277233108587
0.0277233108587
0.0277233108587
0.0277233108587
0.0277233108587
0.0277233108587
0.0277233108587
0.0277233108587
0.0277233108587
0.0277233108587
0.0277233108587
0.0277233108587
0.0277233108587
0.0277233108587
0.0277233108587
0.0277233108587
0.0277233108587
0.0277233108587
0.0277233108587
0.0277233108587
0.0277233108587
0.0277233108587
0.0277233108587
0.0277233108587
0.0277233108587
0.0277233108587
0.0277233108587
0.0277233108587
0.0277233108587
0.0277233108587
0.0277233108587
0.0277233108587
0.0277233108587
0.0277233108587
0.0277233108587
0.0277233108587
0.0277233108587
0.0277233108587
0.0277233108587
0.0277233108587
0.0277233108587
0.0277233108587
0.0277233108587
0.0277233108587
0.0277233108587
0.0277233108587
0.0277233108587
-0.0277233108587
0.0421578769576
-0.0421578769576
0.0805319281504
-0.0805319281504
0.0382779621123
-0.0382779621123
0.0942063030096
-0.0942063030096
0.00815678682125
0.00815678682125
-0.00815678682125
0.0444745234034
-0.0444745234034
0.00821793802509
-0.00821793802509
0.0991555921371
-0.0991555921371
0.0428943259943
-0.0428943259943
0.0562224944495
-0.0562224944495
0.0146611072903
-0.0146611072903
0.0358206170834
-0.0358206170834
0.0594542714302
-0.0594542714302
0.0294371499974
-0.0294371499974
0.0124833141677
-0.0124833141677
0.0801810418302
-0.0801810418302
0.0165947844064
-0.0165947844064
0.0185401541995
-0.0185401541995
0.0494635618413
-0.0494635618413
0.0723756108019
-0.0723756108019
0.0296566565929
-0.0296566565929
0.0957146087537
-0.0957146087537
0.0338391374772
-0.0338391374772
0.0199048552871
-0.0199048552871
0.0288134447487
-0.0288134447487
0.0656661797275
-0.0656661797275
0.0340247668946
-0.0340247668946
0.0303329993015
-0.0303329993015
0.0513797083496
-0.0513797083496
0.0257523446033
-0.0257523446033
0.0472350069623
-0.0472350069623
0.0404785748251
-0.0404785748251
0.063672536179
-0.063672536179
0.0356498924089
-0.0356498924089
0.0117487739134
-0.0117487739134
0.0804729360089
-0.0804729360089
0.0609471868668
-0.0609471868668
0.091687347674
-0.091687347674
0.0384844109491
-0.0384844109491
0.0677254091231
-0.0677254091231
0.00517656247456
-0.00517656247456
0.00912138211828
-0.00912138211828
0.0242595366155
-0.0242595366155
0.0476191024516
-0.0476191024516
0.0667738146957
-0.0667738146957
0.0820068176504
-0.0820068176504
0.0854683117471
-0.0854683117471
0.024072586633
-0.024072586633
0.090957127118
-0.090957127118
0.0998110219287
-0.0998110219287
0.0637721919458
-0.0637721919458
0.0821245166558
-0.0821245166558
0.0860105013024
-0.0860105013024
0.010103625225
-0.010103625225
0.0972471629338
-0.0972471629338
0.0112708791956
-0.0112708791956
0.0265220625136
-0.0265220625136
0.00568125593457
-0.00568125593457
0.051105409874
-0.051105409874
0.0563052555557
-0.0563052555557
0.0571283473047
-0.0571283473047
0.0452062147562
-0.0452062147562
0.0731548100242
-0.0731548100242
0.0889334723434
-0.0889334723434
0.0158937705848
-0.0158937705848
0.0641320051619
-0.0641320051619
0.0186754865352
-0.0186754865352
0.00981280173648
-0.00981280173648
0.0183556240885
-0.0183556240885
0.0900330700565
-0.0900330700565
0.0413164004572
-0.0413164004572
0.0841456460787
-0.0841456460787
0.0191998862666
-0.0191998862666
0.00754814076374
-0.00754814076374
0.0844589754746
-0.0844589754746
0.0829993536649
-0.0829993536649
0.00672747735555
-0.00672747735555
0.0981903300509
-0.0981903300509
0.0183822708325
-0.0183822708325
0.0876077704208
-0.0876077704208
0.022063941088
-0.022063941088
0.0149561942817
-0.0149561942817
0.0612817515426
-0.0612817515426
0.0103334811657
-0.0103334811657
0.021887146963
-0.021887146963
0.010224812377
-0.010224812377
0.0711641877268
-0.0711641877268
0.0937194091181
-0.0937194091181
0.0721236132601
-0.0721236132601
0.0434800561396
-0.0434800561396
0.0670259518543
-0.0670259518543
0.00241924573975
0.00241924573975
-0.00241924573975
0.0799175830327
-0.0799175830327
0.0769309150614
-0.0769309150614
0.098832219757
-0.098832219757
0.0478280660488
-0.0478280660488
0.0180802496066
-0.0180802496066
0.0478415730683
-0.0478415730683
0.0490984505172
-0.0490984505172
0.0546927376775
-0.0546927376775
0.00203522394626
-0.00203522394626
0.0386962339727
-0.0386962339727
0.0219475462038
-0.0219475462038
0.00202415938887
-0.00202415938887
0.0272027606374
-0.0272027606374
0.00319425623508
-0.00319425623508
0.0864270277116
-0.0864270277116
0.0177818208838
-0.0177818208838
0.0030670447566
-0.0030670447566
0.0558923687525
-0.0558923687525
0.0346361260875
-0.0346361260875
0.0205740782711
-0.0205740782711
0.0571000659007
-0.0571000659007
0.0973852624174
-0.0973852624174
0.0265313896868
-0.0265313896868
0.0709350639529
-0.0709350639529
0.0187380250156
-0.0187380250156
0.0433616645558
-0.0433616645558
0.0728389691381
-0.0728389691381
0.0983338464399
-0.0983338464399
0.0922231243163
-0.0922231243163
0.055772465798
-0.055772465798
0.00838140884407
-0.00838140884407
0.0270187411587
-0.0270187411587
0.0896618775999
-0.0896618775999
0.025950624542
-0.025950624542
0.0338919074678
-0.0338919074678
0.0839914442019
-0.0839914442019
0.0577418691737
-0.0577418691737
0.00906423713034
-0.00906423713034
0.0046899397274
-0.0046899397274
0.0433735713288
-0.0433735713288
0.0884835903948
-0.0884835903948
0.0877584730295
-0.0877584730295
0.0821055476544
-0.0821055476544
0.00303946956219
-0.00303946956219
0.0456312323423
-0.0456312323423
0.0145195777609
-0.0145195777609
0.00412998572625
-0.00412998572625
0.0122277749351
-0.0122277749351
0.072931966673
-0.072931966673
0.0830419047806
-0.0830419047806
0.0559562294299
-0.0559562294299
0.0997103328029
-0.0997103328029
0.0546875389971
-0.0546875389971
0.0392855905186
-0.0392855905186
0.0434432407356
-0.0434432407356
0.0750585488766
-0.0750585488766
0.054824390803
-0.054824390803
0.08231283563
-0.08231283563
0.0144219107259
-0.0144219107259
0.0166755398289
-0.0166755398289
0.0105859268385
-0.0105859268385
0.0465402614603
-0.0465402614603
0.0169795486966
-0.0169795486966
0.00636374958528
-0.00636374958528
0.0844240313038
-0.0844240313038
0.014762417821
-0.014762417821
0.0317206008962
-0.0317206008962
0.0687920826409
-0.0687920826409
0.00530590942603
-0.00530590942603
0.0165093920249
-0.0165093920249
0.059221155084
-0.059221155084
0.0827849659059
-0.0827849659059
0.0152448873519
-0.0152448873519
0.0523794925333
-0.0523794925333
0.0909550028949
-0.0909550028949
0.0698460132739
-0.0698460132739
0.0771488462386
-0.0771488462386
0.0596407545357
-0.0596407545357
0.00492063168349
-0.00492063168349
0.0398632451893
-0.0398632451893
0.0348204613471
-0.0348204613471
0.022729749434
-0.022729749434
0.00840841716502
-0.00840841716502
0.00386635514129
-0.00386635514129
0.0839289402759
-0.0839289402759
0.0356949726731
-0.0356949726731
0.0471718267865
-0.0471718267865
0.0319239788762
-0.0319239788762
0.0533041617198
-0.0533041617198
0.0182522523289
-0.0182522523289
0.0422423745357
-0.0422423745357
0.0115880444267
-0.0115880444267
0.0417611894272
-0.0417611894272
0.0570711804108
-0.0570711804108
0.0220485499608
-0.0220485499608
0.0708774697476
-0.0708774697476
0.0061719682963
-0.0061719682963
0.0322527851154
-0.0322527851154
0.0832717150653
-0.0832717150653
0.061588674221
-0.061588674221
0.0814983183266
-0.0814983183266
0.0453773183269
-0.0453773183269
0.0461019731978
-0.0461019731978
0.063354350955
-0.063354350955
0.0696840470213
-0.0696840470213
0.0894700427067
-0.0894700427067
0.0666232315344
-0.0666232315344
0.0961556565189
-0.0961556565189
0.00935366207266
-0.00935366207266
0.0913838481046
-0.0913838481046
0.00989025904848
-0.00989025904848
0.0260283201514
-0.0260283201514
0.0121905666068
-0.0121905666068
0.0328009558206
-0.0328009558206
0.0419075889093
-0.0419075889093
0.0553422167476
-0.0553422167476
0.025028475864
-0.025028475864
0.0439985158728
-0.0439985158728
0.0456497139954
-0.0456497139954
0.0499329624065
-0.0499329624065
0.00109970331014
0.00109970331014
-0.00109970331014
0.0462456396874
-0.0462456396874
0.045418319979
-0.045418319979
0.00665986308315
-0.00665986308315
0.0114205575936
-0.0114205575936
0.0833503714438
-0.0833503714438
0.0349153836851
-0.0349153836851
0.0628902511899
-0.0628902511899
0.0621399591401
-0.0621399591401
0.00969132809241
-0.00969132809241
0.0635230891487
-0.0635230891487
0.00833849297103
-0.00833849297103
0.0186890958179
-0.0186890958179
0.0682432692311
-0.0682432692311
0.0779525910295
-0.0779525910295
0.0919076702572
-0.0919076702572
0.0809575845487
-0.0809575845487
0.0131278711656
-0.0131278711656
0.0804460448714
-0.0804460448714
0.00933906914877
-0.00933906914877
0.0509609502582
-0.0509609502582
0.0373943870515
-0.0373943870515
0.0849059139704
-0.0849059139704
0.00460379488875
-0.00460379488875
0.00498283673115
-0.00498283673115
0.0729956984004
-0.0729956984004
0.0689793907337
-0.0689793907337
0.0434611085689
-0.101724939600748
